----- NEW LEVEL -----
(-50, 20, 100, 5)
(100, 40, 50, 5)
(300, 30, 25, 5)
DEATH: -100
WIN: (400, 20, 50, 50)
----- NEW LEVEL -----
(-50, 20, 80, 5)
(50, 30, 70, 5)
(140, 40, 60, 5)
(220, 50, 50, 5)
(290, 60, 40, 5)
(350, 70, 30, 5)
(400, 80, 20, 5)
(440, 90, 10, 5)
DEATH: -100
WIN: (525, 0, 100, 50)
----- NEW LEVEL -----
(-50, 20, 80, 5)
(75, 50, 70, 5)
(200, 80, 60, 5)
(325, 110, 50, 5)
(450, 140, 40, 5)
(575, 170, 30, 5)
(700, 200, 20, 5)
(825, 230, 10, 5)
(950, 260, 5, 5)
DEATH: -200
WIN: (1000, 175, 200, 100)
----- NEW LEVEL -----
(-50, 20, 50, 5)
(50, 40, 5, 5)
(100, 50, 5, 5)
(150, 60, 5, 5)
(200, 70, 5, 5)
(250, 80, 5, 5)
(300, 90, 5, 5)
(350,100,5,5)
DEATH: -200
WIN: (380, 90, 50, 50)
----- NEW LEVEL -----
(-50, 20, 50, 5)
(50,25,1,50)
DEATH: -200
WIN: (-75, -150, 50, 50)
